{
"Algo_load":  [0.00040484999999995663, 0.0028025499999999592, 0.02938660000000004, 0.337077, 0.68933695, 1.0537297000000017, 0.04300985000000068, 0.003340249999997269, 0.03078365000000005, 0.35721570000000114, 0.7366218499999988, 1.1413177999999995, 0.04464194999999904, 0.0033104499999936365, 0.030881049999997856, 0.34494504999999975, 0.7086682500000023, 1.1483884000000018],
"Algo_sp":  [4.170000000003338e-05, 0.00036440000000004247, 0.0049848000000000114, 0.0787017499999999, 0.21057579999999998, 0.28698105000000007, 6.884999999967611e-05, 0.0004341999999999402, 0.005799900000000191, 0.09253335000000007, 0.20287069999999963, 0.3042494499999995, 0.00011339999999959716, 0.00044434999999998226, 0.004794899999999824, 0.0813318999999999, 0.18469339999999956, 0.33450550000000057],
"Algo_scc":  [0.0002131500000000508, 0.0017269500000000604, 0.04135270000000002, 3.5337395, 10.812880450000002, 30.292474649999996, 0.00017674999999783836, 0.0018533499999975334, 0.04579589999999811, 1.8430001999999988, 8.8509308, 23.706352600000006, 0.00023619999999624497, 0.001820599999994954, 0.025338699999998937, 2.110032249999996, 12.008080750000005, 20.412408049999996],
"Algo_scc_id": [0.00015650000000000386, 0.001868850000000033, 0.02650485000000008, 0.28743810000000014, 0.6231007000000002, 0.956564850000003, 0.00014154999999860252, 0.0016377499999968848, 0.023880850000001175, 0.2829586000000006, 0.5906924999999994, 0.9517966499999986, 0.00015944999999817355, 0.0016851000000031036, 0.02114155000000295, 0.3080082500000003, 0.6245183499999953, 0.9643143500000022],
"networkx_load":  [0.0004347999999998464, 0.004119750000000089, 0.02658320000000014, 0.27214195000000085, 0.7062004999999996, 1.0670266999999996, 0.06664364999999961, 0.0024343499999996965, 0.028627499999999806, 0.29820135000000025, 0.6641553499999997, 1.3107600499999998, 0.06879685000000002, 0.0035115499999989197, 0.025340750000001577, 0.31089120000000037, 0.7253865499999996, 1.1058566499999998],
"networkx_sp":  [4.865000000098263e-05, 0.0005096999999993912, 0.002838150000000539, 0.011470300000000933, 0.016895650000000373, 0.17680995, 4.280000000012052e-05, 0.00041759999999957387, 0.005954100000000295, 0.1059341999999992, 0.12897150000000046, 0.579736650000001, 5.4849999999717625e-05, 0.00034654999999972347, 0.0022591000000016237, 0.06663514999999975, 0.09555375000000055, 0.17535784999999926],
"networkx_scc": [4.865000000098263e-05, 0.0005096999999993912, 0.002838150000000539, 0.011470300000000933, 0.016895650000000373, 0.17680995, 4.280000000012052e-05, 0.00041759999999957387, 0.005954100000000295, 0.1059341999999992, 0.12897150000000046, 0.579736650000001, 5.4849999999717625e-05, 0.00034654999999972347, 0.0022591000000016237, 0.06663514999999975, 0.09555375000000055, 0.17535784999999926],
"Java_load": [0.00714, 0.0305974, 0.095011, 0.7507718, 0.7562061, 1.0851094, 0.0011723, 0.0056572, 0.0424719, 0.3461738, 0.7242891, 1.0024806, 4.481E-4, 0.0025949, 0.0230369, 0.3696692, 0.6796786, 1.0394811],
"Java_sp": [7.118E-4, 0.0013416, 0.0095302, 0.0746885, 0.1790275, 0.4369544, 1.07E-5, 7.65E-5, 0.0014561, 0.0484579, 0.1679811, 0.3044619, 8.1E-6, 6.46E-5, 0.0012601, 0.05645, 0.1484131, 0.3646726],
"Java_isCon": [0.0125361, 0.0151002, 0.024277299999999995, 0.0351454, 0.043418, 0.049082799999999996, 0.012484499999999997, 0.012780399999999999, 0.0174647, 0.024231699999999995, 0.03949, 0.0514228, 0.012480699999999999, 0.012728199999999997, 0.016112599999999998, 0.019913299999999995, 0.0345558, 0.1408674]
}